   9.2794896e+01   1.8364381e+02
   8.8596461e+01   2.2227486e+02
   1.3206154e+02   1.7405371e+02
   1.1565176e+02   1.8542203e+02
   5.7870089e+01   2.3434530e+02
   5.0337695e+01   1.7859367e+02
   6.1742708e+01   2.2617043e+02
   9.1305525e+01   1.9389499e+02
   4.8499424e+01   2.0424882e+02
   1.0083997e+02   2.4129370e+02
   1.1414256e+02   2.5743893e+02
   1.0629282e+02   3.3211730e+02
   1.8683066e+02   2.7541382e+02
   1.3820208e+02   3.1649972e+02
   1.7134567e+02   2.4226777e+02
   1.5010920e+02   3.2111175e+02
   1.8034496e+02   2.5439543e+02
   1.7329865e+02   2.3519299e+02
   1.0468669e+02   2.7547375e+02
   1.5118368e+02   3.1757148e+02
   3.3321749e+01   2.4642423e+02
   8.5022441e+01   2.6893909e+02
   6.1174305e+01   3.0752732e+02
   9.5862793e+01   2.6885221e+02
   1.1219217e+01   2.4372569e+02
   9.2880088e+01   3.0015173e+02
   4.4541440e+01   2.7911150e+02
   8.4666133e+01   2.6923326e+02
   4.6595722e+01   3.2143871e+02
   9.4577082e+00   2.5115735e+02
