   1.0234736e+02   2.4119848e+01
   1.4251931e+02   5.5580296e+01
   1.1387429e+02   1.4463101e+01
   1.4461100e+02   2.9518508e+00
   1.1191434e+02   7.6861935e+01
   1.2974719e+02   6.8224739e+01
   1.4007720e+02   4.4100197e+01
   4.8137718e+01   5.6566625e+01
   1.1074169e+02   6.9007795e+01
   1.3296986e+02   5.9247042e+01
   1.6133499e+02   1.3555363e+02
   1.7597430e+02   9.9338037e+01
   1.9545823e+02   9.0633163e+01
   1.6329577e+02   7.7364356e+01
   1.0138852e+02   1.1875166e+02
   1.3679749e+02   9.0444424e+01
   1.3941513e+02   1.3973504e+02
   1.2168017e+02   1.6876724e+02
   1.8770057e+02   9.4676729e+01
   1.4177435e+02   1.6008898e+02
   6.6825304e+01   1.2440002e+02
   8.7040369e+01   1.2274200e+02
   8.0052273e+01   1.3202762e+02
   1.6454396e+01   8.5760942e+01
   5.1707777e+01   1.7221663e+02
   7.6802784e+01   1.6989758e+02
   8.0333484e+01   1.6247964e+02
   6.8185304e+01   1.1121963e+02
   7.7403805e+01   1.7285420e+02
   1.6990623e+01   7.8339474e+01
