   2.6250468e+02   1.5564935e+02
   2.6862443e+02   1.3936932e+02
   2.9716079e+02   1.2336825e+02
   2.3826997e+02   1.1711463e+02
   2.1627353e+02   1.2164934e+02
   2.1332071e+02   1.2615189e+02
   2.7816010e+02   1.4996765e+02
   2.4742758e+02   9.9716166e+01
   2.9319623e+02   1.1854125e+02
   2.1845497e+02   1.2343637e+02
   3.0299655e+02   2.0378542e+02
   3.0721124e+02   2.4711572e+02
   2.5283481e+02   1.7666991e+02
   2.6585378e+02   2.1369327e+02
   2.9849342e+02   2.1676897e+02
   2.8755198e+02   1.6952186e+02
   3.4414549e+02   1.7039021e+02
   3.3196420e+02   1.6613103e+02
   3.1118212e+02   2.3764810e+02
   2.9980438e+02   2.0171140e+02
   2.0447533e+02   1.5756335e+02
   1.8404059e+02   1.9808316e+02
   2.4382566e+02   2.4318962e+02
   1.9926807e+02   1.6244229e+02
   1.7416423e+02   1.9767225e+02
   2.0265085e+02   1.7109293e+02
   1.6825002e+02   1.9459126e+02
   1.9890324e+02   1.8347949e+02
   2.3963720e+02   2.2240936e+02
   2.2322779e+02   1.6832084e+02
