13.966828 18.085895 14.115757 7.341836
22.724720 17.585424 19.828315 20.591059
26.148574 16.812796 3.920317 6.490583
-0.797703 2.508124 15.774255 15.975319
0.812266 -3.101154 4.858440 1.616021
12.829692 21.963006 17.301412 19.137431
6.088372 5.702477 -0.207811 18.055317
-0.546363 13.730726 0.000595 10.866390
-0.206292 -3.740595 18.141870 -1.023505
9.589938 11.018532 8.423332 21.419358
16.753268 14.799323 -0.695508 5.855463
2.990682 2.798194 -0.091672 -3.889468
21.882350 3.818073 11.092924 22.709136
15.873422 28.728219 7.506756 13.985923
15.193752 30.695761 5.500706 18.016303
20.754254 13.556634 9.961626 13.593248
6.522405 13.914555 23.889016 6.689063
14.871115 8.741261 6.862299 6.044680
18.761209 17.530795 6.050371 18.833439
10.134605 12.615321 10.177565 15.570461
12.822600 6.184736 1.927452 12.622334
-6.024824 9.837091 4.813659 11.134972
16.751700 13.073772 12.204423 -4.625729
9.625898 7.980227 5.210007 10.714737
3.011680 -5.508500 18.729425 18.245619
19.343785 15.008817 13.275311 8.926358
3.123769 20.201858 12.674231 18.847326
19.681057 15.708689 9.985444 14.405270
7.559608 0.460591 20.770553 7.476298
6.269549 12.586994 14.453863 8.411646
