12.465534 15.930532 10.055160 8.317612
18.574903 22.812528 11.258196 14.165113
24.668083 14.553778 -1.187896 -0.246304
6.251096 11.930191 14.421508 9.771439
5.388668 -5.488820 7.119139 1.628701
16.500031 19.044321 -1.178119 7.604232
-6.741694 2.539035 0.488841 17.563704
-5.407441 12.636419 2.222492 18.638482
3.018865 2.542669 11.998223 5.492087
17.607313 3.082082 3.702683 19.944352
13.964789 4.919718 4.406090 14.431855
2.094529 5.958800 -3.275762 -2.647811
19.662424 1.832731 6.990599 23.531058
14.220696 23.209492 7.336671 20.100696
22.301808 22.796165 7.213794 9.201800
31.865899 19.684615 12.380061 13.918947
7.668589 2.791703 19.493338 5.877400
6.626145 9.994838 14.816531 -0.350325
14.982537 22.011576 6.762101 15.521544
4.480392 17.077919 3.916929 9.184159
9.397940 2.213271 2.515612 13.044501
2.724348 13.399810 -2.448569 9.407707
12.983589 14.224513 6.342351 -5.197148
15.549830 8.602172 6.218439 9.333889
9.138722 6.114843 16.128589 10.093002
11.293140 13.678534 13.469461 11.546198
11.119335 9.580751 21.567942 18.913759
21.707868 20.078536 6.995424 11.698529
10.312446 7.759955 11.813459 3.850405
10.086166 6.138205 -1.716358 17.425917
