18.255261 11.119737 14.366788 13.165991
20.770610 13.040535 14.481968 5.819928
26.221230 12.157575 5.715487 4.469128
-0.274829 12.473638 18.059984 21.517328
6.474997 -8.645776 7.241992 -0.345985
13.776366 12.735300 -0.309170 9.355635
1.877564 0.338271 4.012104 14.951848
-2.986837 5.707993 -6.088272 12.345950
5.313945 2.063677 12.812793 0.541621
13.853211 12.691134 10.160032 17.240289
26.372107 10.205282 10.717463 7.905708
8.170105 -0.675534 2.083426 -3.396017
24.453083 4.807764 7.369555 26.396310
17.909308 31.137788 4.717048 16.678890
15.952143 25.933680 8.447354 4.673173
20.299406 17.825388 10.128844 13.252075
8.072716 5.400959 25.403772 9.815986
16.973796 11.925676 8.385928 2.682970
24.781003 13.314198 9.043264 8.686688
8.850760 11.853091 -0.134662 18.532389
5.800560 7.274696 6.502153 11.966643
2.390203 15.312426 2.088724 6.755284
14.008997 13.814619 13.698397 -0.840502
10.131825 10.970633 1.620227 11.051987
10.688985 1.796918 16.956255 12.257266
13.858718 18.423788 11.377090 19.512760
3.847271 18.098082 14.799352 15.019267
17.078876 12.452446 7.888774 3.608347
9.033086 0.612592 18.049704 7.395474
13.042798 9.930900 14.059823 19.147462
