14.721213 17.176431 13.594402 6.224705
25.005270 22.516002 6.157344 17.338897
24.136932 12.736955 4.017407 8.274131
-6.545053 10.413196 22.508575 18.271767
2.021211 3.004839 2.459133 8.561266
7.139843 18.844943 13.810599 7.539995
-3.850180 6.368832 2.776633 16.340256
-0.927947 5.541247 -0.025104 17.196411
-3.618934 9.442864 15.030324 -4.489989
18.602428 9.826173 5.445038 20.379524
20.712418 8.691226 3.497643 -1.862198
0.668027 4.849951 3.699418 12.700497
20.901498 -5.783662 12.856338 25.336276
17.320834 30.905255 18.004063 14.915933
16.707461 22.220608 9.673876 8.760288
23.624352 23.840064 17.852366 9.323229
10.064071 3.791301 17.349661 13.231572
9.063446 6.596181 17.192113 3.400709
25.935034 15.300119 8.966141 17.836536
9.129057 14.229504 1.871765 9.746271
12.486058 -3.431090 4.995562 16.192207
1.499778 15.268601 -1.660208 13.193778
14.472983 17.696090 13.980875 4.235203
16.001425 10.925680 1.758949 11.114110
10.448059 -3.454472 12.163897 20.783785
20.212956 7.107931 9.132365 17.002324
19.435705 18.633602 13.007352 18.253689
25.515044 17.721402 4.426785 8.294473
1.715972 3.580894 19.489164 5.110406
12.818155 7.773790 10.805462 14.140926
