13.680118 13.172923 15.780151 8.457025
28.841234 18.651236 12.486292 7.603891
23.139322 20.191869 2.234428 1.353657
4.544324 7.507734 20.333028 18.898490
3.772380 -0.707654 -2.173947 0.882453
11.059789 15.030234 11.755571 5.890876
-3.771693 3.881185 7.006629 21.528232
5.939950 6.044574 -2.424264 14.847226
-1.993319 0.399790 10.218262 1.777597
11.180867 4.614818 11.541439 14.447401
28.671935 11.053802 -5.864775 12.157923
-3.479294 1.418100 -1.314051 -3.608581
20.204570 -1.514490 5.127664 23.556028
9.167232 26.511311 6.158102 20.715624
20.061889 18.366899 9.164118 3.511124
23.121679 20.267316 12.774507 14.730350
5.369277 16.529781 14.360074 9.908518
10.036343 10.102099 8.466790 6.193558
23.751990 19.524548 5.404550 12.511613
13.051430 7.710632 0.382821 12.839553
8.834277 7.726139 10.598979 14.859717
4.317436 8.435486 -5.024150 8.572320
11.553160 10.074625 10.444968 -0.305188
11.392750 4.723461 1.792638 15.443202
8.380443 0.574280 16.740332 16.254076
8.550038 14.943719 8.739211 15.067255
10.141175 12.440809 19.218317 11.281979
23.994332 10.668449 4.093164 8.398844
7.147282 -5.858780 20.431009 5.105007
10.213473 3.522612 10.023137 20.410170
