# cel1, cel2, ..., cel13
-5.3284  31.3253  3.9032 -43.9905 -15.4703 -12.1753  26.9407  49.4591  45.9749  14.1380 -45.6334 -60.0276 -57.4898
 16.3987  14.7418 -14.8230 -21.0512 -12.4460  8.4496  25.5249  53.4830  23.9644  4.8546 -36.9094 -72.0666 -60.0456
 15.0241  29.4114  15.4739 -18.1982 -35.8952  12.7822  45.3179  61.1856  25.1826  15.8586 -29.7827 -56.7290 -45.6460
 12.2661  30.3655  8.8729 -34.3698 -44.8460 -3.6962  31.5869  62.8591  21.4487  3.1385 -48.4240 -68.7174 -56.8378
-16.8496  13.8913  9.6650 -49.7297 -21.6399 -8.2755  44.3978  53.6114  12.5587 -0.2518 -35.3416 -62.2906 -41.0572
-5.4240  32.9527  6.0175 -36.4761 -38.0807 -13.5999  35.7087  75.2871  16.8726 -2.4396 -18.4726 -63.5832 -72.3892
-5.8864  34.4858 -10.2565 -40.2560 -21.5883 -5.6976  47.7283  77.8718  19.0837 -12.8635 -20.8133 -67.6845 -58.1473
 15.6478  32.4791  8.4356 -32.8270 -15.3772  11.3780  39.3401  51.3715  40.0096  8.1794 -40.5694 -43.4138 -64.3109
-4.5381  38.3074 -1.0612 -33.5444 -46.2678  8.8460  18.2999  54.0312  39.7703  10.7843 -20.4172 -48.2723 -67.3784
 0.3778  20.4462  7.1612 -26.0226 -44.0864  13.4539  14.9971  69.2614  19.0026 -15.5859 -38.7601 -52.2454 -56.5910
-14.0130  29.2726  13.3784 -14.5527 -47.1478  14.0663  26.4411  44.0544  43.4660  5.9954 -16.1753 -66.4866 -42.0922
-18.2085  41.4550 -11.9607 -39.4440 -46.2301  17.7760  41.1203  68.2381  17.0613 -3.0594 -33.3535 -61.7260 -59.9180
-1.0670  34.5666  12.2662 -22.7518 -28.6568 -5.8248  13.9005  58.9538  40.6078  4.4280 -33.8657 -72.9971 -41.1246
 2.7368  44.2078  7.3792 -42.5363 -23.9250  11.3409  30.1583  75.2604  15.9003  4.5759 -34.0961 -62.9455 -56.1631
 10.5281  28.1244  4.3728 -13.6942 -31.5900 -1.0900  43.8085  60.4628  35.9781  11.3952 -26.2972 -70.5745 -48.5922
 7.9449  23.1887 -2.5848 -40.6463 -37.6104  4.9736  26.2759  60.4029  33.7271 -7.8940 -34.8097 -79.2882 -69.2027
-15.2845  34.0226  11.6136 -19.1238 -20.0837  15.7825  28.0932  56.0243  28.3903 -6.4986 -49.7454 -51.5235 -57.1802
 7.7414  23.7495  6.9223 -37.9409 -48.1557 -8.0161  40.1185  52.5276  24.4005 -11.2465 -43.7521 -71.9071 -71.8836
-2.8595  29.3974  4.0551 -39.0589 -23.8074 -6.4268  20.5912  67.0022  28.9366  5.7848 -27.8417 -61.9952 -69.1471
 6.2568  43.0563  9.2105 -19.6240 -28.0814 -3.6665  13.3212  52.1533  29.3056 -13.6676 -37.6900 -71.4055 -72.4292
-10.1203  43.1316 -5.8531 -28.0917 -29.3499  7.5109  34.1326  40.7064  28.1599 -18.2440 -38.6794 -67.0451 -72.9797
 5.1733  32.3775  10.6909 -35.2909 -26.7560  15.0152  15.7618  73.8485  22.5387 -10.3561 -32.9765 -56.2769 -70.3750
