17.456371 14.410911 16.963294 12.290169
24.575637 25.449659 9.392375 19.221175
23.481921 17.479407 0.430085 5.623984
-3.116044 4.585603 17.780267 23.255107
7.603066 4.356027 -2.998523 1.260845
14.848371 18.827036 6.916254 4.911310
10.482903 2.617257 4.044718 16.649804
2.782148 12.378126 9.300096 18.687994
-6.469293 4.688078 19.060002 0.373295
16.259206 7.234828 -1.184143 19.832746
22.017632 10.807299 -6.214385 11.228906
2.767242 4.115578 3.582099 -5.345133
27.565302 1.717082 20.957351 26.805848
10.652846 24.564145 6.873067 17.768790
13.096418 25.414739 12.292115 12.786978
24.719163 17.749454 22.930778 9.363396
9.187162 13.593361 13.135741 5.119434
13.166216 11.504060 12.950126 2.428456
16.965432 21.470922 5.239736 16.877145
10.231952 8.376082 10.286676 8.410594
13.797542 13.176562 5.161226 16.334748
-2.190967 8.184217 -5.837614 9.358250
5.470919 15.708663 18.789444 -1.859523
11.405823 7.679805 6.827990 5.811300
3.469867 -1.143605 17.255059 11.517235
9.782154 15.817693 10.161396 20.751540
9.003394 20.065158 16.034107 19.320668
15.959052 14.928845 5.561206 12.203848
2.878477 6.581103 19.133963 2.608668
16.949082 3.279770 9.749553 17.539993
