12.768397 17.824664 8.967629 7.537868
34.327570 20.427024 19.252518 17.063419
24.601033 13.832578 5.995159 4.748210
7.091474 5.619480 12.681142 17.167485
2.631847 -2.659416 -6.737217 5.806723
13.021346 20.422531 25.063515 15.042128
1.173769 -6.667178 2.866921 21.722200
1.186803 13.507380 5.309915 11.848887
-0.062377 2.050431 12.099144 0.395093
12.813431 11.823931 7.213535 25.576862
23.271572 11.165183 -0.117083 7.344443
4.060537 7.948191 -0.100706 1.902035
17.534810 1.365480 13.586915 26.117054
16.898200 30.429062 3.481299 16.315430
17.864711 24.396047 14.524856 6.607695
29.765469 20.958221 10.544904 21.922127
5.017091 7.783347 22.442475 11.825807
10.616232 7.572365 11.857125 3.535920
29.220238 11.237435 15.212253 14.529910
7.164449 16.183077 4.181836 11.885256
8.415336 4.572083 5.155908 15.402216
3.849583 7.661569 -1.291114 12.477027
10.808558 11.614252 16.063956 0.062620
8.551913 5.740129 5.865134 9.539065
6.993787 3.101147 10.781975 13.288271
11.529577 12.406048 9.318360 21.198243
12.541201 14.794431 17.800777 13.251611
17.889379 12.643051 1.489825 6.796321
-1.067726 1.357891 19.029336 5.588990
11.393768 -1.879486 3.208300 14.582331
