16.776306 15.897804 5.593213 5.990224
26.758133 12.037626 10.040840 17.884364
23.535985 18.272668 2.200689 2.302069
-0.510631 6.843717 12.699105 16.969959
3.639830 -1.352334 6.216117 -7.090374
19.228400 11.214676 7.140149 4.684461
3.077812 1.739555 -8.972755 15.314846
-5.237083 14.684972 0.080662 20.313343
-4.382329 4.765131 15.314771 6.789944
9.691273 6.557398 5.862769 25.469064
25.466751 6.862957 1.707144 4.899506
4.913597 1.371911 -1.135799 -1.586396
22.960426 -1.308888 13.083956 20.560953
14.027537 22.927971 5.299058 19.904937
17.702116 13.516861 9.984778 11.473374
19.068484 16.052851 6.841156 11.685250
6.934814 9.953801 20.677302 1.212552
13.066639 13.092752 10.522595 4.104336
18.422046 15.728733 15.096398 22.886234
10.180364 4.543372 -1.004686 10.413462
11.103416 3.326016 6.117720 8.690165
5.440555 9.983242 -5.348156 12.093907
16.561320 13.456228 6.161041 -4.919826
8.705939 8.885262 -0.178458 5.061987
7.960613 2.753210 11.877845 18.387878
14.047032 6.086373 12.976337 20.637807
20.806454 14.308982 19.044155 18.010673
20.319470 11.961874 5.061005 16.221037
5.873815 -0.960439 13.803669 5.338479
14.461428 -0.568519 12.000634 14.639050
