17.955750 7.195001 12.648561 11.078324
20.001273 15.812618 15.585822 16.858700
17.700741 19.181318 3.012428 5.775313
-1.200459 9.078077 21.195052 15.572139
-4.710786 2.067869 -3.093275 8.452081
8.815818 19.702960 6.819902 8.809988
-0.961728 -5.139766 4.780624 13.198937
-4.525477 14.936945 0.320576 15.275726
-3.862907 -0.593742 18.725273 5.683262
13.635031 1.700490 1.931958 15.042970
16.900588 4.697041 4.244995 1.408282
5.291760 5.610331 5.719117 6.889540
17.415643 5.557590 6.865917 23.884104
4.357026 24.588598 12.323470 13.620074
11.644811 13.209678 4.679721 12.847481
18.326710 14.744165 4.427723 10.269611
3.756044 16.176341 20.331977 7.833323
15.581125 2.260511 11.446630 5.042225
23.714500 17.848549 11.727805 19.786308
4.127411 18.542280 4.793784 5.556890
15.218683 6.012790 2.469222 9.049150
0.689859 9.260059 -2.737712 10.646072
11.544644 21.245765 15.734318 6.057968
21.964117 0.038999 2.026289 10.280441
5.842760 2.350615 14.018940 7.566305
7.324847 5.876782 10.809919 15.672062
10.830717 14.880284 17.808437 18.984691
15.533217 15.102687 9.027761 7.809092
6.328194 -2.317104 19.410504 8.219732
10.069417 4.703281 16.224868 11.526120
