7.704328 11.887222 15.962868 14.116604
19.810798 13.832507 11.949832 9.228915
22.834147 16.744373 2.388833 0.780638
-1.098426 -0.990221 20.645428 18.757209
5.188342 -2.432515 2.826499 4.658648
11.450735 7.872396 10.252947 11.420373
-10.218511 1.325547 0.756470 19.129905
-1.280223 11.252599 1.107298 19.259807
-1.269371 9.408271 12.291309 -4.636094
9.140452 9.824839 5.337183 22.869281
25.270969 7.181322 -3.824369 11.471330
3.860757 3.468869 0.186382 2.022630
18.800754 0.797245 18.127213 23.396414
19.649076 25.419124 1.700867 11.804110
11.428515 20.400943 12.560974 8.178838
22.184730 22.752412 18.503889 13.479065
8.337873 1.065383 20.798852 7.846608
7.024290 13.752257 13.368841 -2.420943
26.004469 11.775728 13.005901 15.657022
9.521316 17.120452 7.596092 13.282975
17.410163 7.060357 4.605081 11.142145
3.686691 10.487045 4.229675 6.133525
3.072826 23.187290 8.702761 3.622296
6.635000 9.799005 -1.757446 5.038143
6.031789 2.494682 18.169235 13.266548
11.624540 16.157812 8.460260 16.862384
13.740967 15.448082 11.157008 12.336223
14.990303 15.988019 7.082471 7.150775
10.967149 3.234495 19.408437 3.079305
9.899893 7.830079 15.579893 11.700261
