10.675113 7.178877 12.784932 15.631170
17.088710 20.208298 13.589565 21.666746
15.889814 17.212626 5.344860 4.508384
4.057919 11.061616 10.556941 23.560875
11.487371 -2.576551 7.128757 2.023708
10.549380 10.973120 14.777005 4.478397
0.371555 5.023405 6.828715 17.079867
-1.195041 4.968872 0.921176 17.242195
-4.470517 4.523852 21.343656 4.516741
11.354018 10.310961 5.270963 20.908905
21.309857 12.007135 -1.936423 12.184310
-2.211617 -1.548611 1.877361 3.244479
17.103685 1.841868 18.222806 26.072363
14.754766 28.489744 7.232741 25.337983
16.233884 28.288767 18.199972 5.163091
27.824965 17.739673 18.131454 19.427623
11.362821 8.012762 21.475586 12.835038
16.310596 16.187153 14.454085 1.552220
25.041893 9.006003 5.178795 19.262133
8.843567 10.378535 4.220147 9.537608
8.392430 7.205285 4.228383 6.415525
9.900043 11.410669 -0.836956 7.824905
9.286728 22.117269 2.988100 1.852978
9.041715 2.411310 6.615538 0.989977
9.599933 -0.601559 13.291122 12.475062
8.757552 18.285891 11.033443 14.507938
16.230323 24.775446 16.008774 19.444729
14.739232 18.982396 2.221458 1.274438
5.737586 4.528439 15.391880 0.775611
14.649522 8.813613 13.554602 14.870430
