17.999586 13.048569 17.844746 4.138325
23.628026 18.169603 9.720682 19.997527
15.588673 19.502345 2.938528 5.896713
6.161551 8.771670 11.163604 19.102555
1.277539 -3.198522 2.167503 -5.731508
17.070297 13.333680 12.429175 12.027882
0.127682 -3.141621 6.669193 18.273818
0.169057 7.630253 5.795866 11.439256
2.625993 2.148807 18.546587 1.392247
16.418891 6.349166 6.949861 25.190252
14.637681 11.394532 1.062548 4.414634
-3.939054 5.675231 5.575200 7.216877
20.457232 4.168282 13.995040 21.697732
15.357746 23.507479 4.954169 19.787386
19.956766 25.428748 5.706187 11.298112
17.640837 13.918938 7.399580 11.550809
3.359471 9.749444 13.534330 12.121019
14.068291 7.797591 17.879769 9.563614
20.699353 19.874278 9.880135 18.197137
3.261077 16.955817 3.760234 9.224289
14.287630 7.911829 10.227419 7.626768
8.118355 8.294637 -1.358067 4.712563
13.254503 15.773156 11.220016 -5.619788
12.872744 10.543852 -1.184291 13.373759
3.248159 -4.635680 11.448418 13.879992
12.228015 16.107426 9.497445 12.240770
11.213163 7.419551 16.061597 19.119500
13.018644 25.483506 13.266637 7.792489
3.004460 2.945745 19.057703 -4.825780
13.044377 5.837353 7.439466 8.131134
