11.571029 13.050135 15.197858 11.464674
22.681892 17.552882 14.370597 14.178043
25.966424 14.543129 4.173442 -1.943806
2.972594 7.977014 12.077463 10.453485
4.233330 -5.512853 -8.375039 3.214059
15.895267 18.165602 10.723791 10.834667
-2.694193 4.479975 3.600730 16.610238
2.342469 15.614546 11.539581 15.275213
-3.811179 -0.495076 19.180496 0.787367
10.157717 5.359178 8.396067 19.709646
20.037542 8.203696 -0.193501 17.393149
3.187271 5.562814 -0.715817 4.558869
18.052573 -2.471363 7.044489 22.672507
10.818881 24.416741 12.930660 10.370547
14.359654 22.016492 8.901545 12.514223
19.463954 11.107815 13.018712 2.223770
14.655777 17.699210 15.705741 11.056588
10.603640 8.133871 10.551348 -0.567325
22.789070 14.326702 7.136154 15.594157
11.950815 13.666383 1.811633 11.443262
-0.293571 6.008309 2.551727 9.030753
6.300423 8.478437 1.962413 11.947463
7.024151 12.445464 12.913384 2.458150
9.693386 14.770568 3.389946 7.828886
-1.041860 2.369421 14.726891 14.612511
5.692841 16.930195 11.301269 14.876862
14.169530 13.894719 12.179386 11.056035
12.698694 19.800998 16.646157 14.790419
-3.157546 -0.039665 17.454769 -3.968463
10.141035 4.875358 19.420794 18.001268
