11.715075 6.002969 13.544552 13.760358
24.737035 17.012971 12.877975 20.115441
23.803161 16.526670 0.542271 5.116764
-3.234803 14.856800 19.535966 17.698030
8.290871 0.164891 -2.617561 1.618822
10.251736 8.301446 12.076801 10.370095
-4.725760 -1.310866 7.485606 16.605697
2.995073 9.686618 1.712482 20.054120
-3.413112 1.139283 11.289037 0.950957
9.471109 11.902583 3.120439 23.157988
29.507575 3.119163 -0.145762 4.664163
-0.852557 2.901764 10.904818 7.940791
23.541185 5.545285 12.324258 24.696200
16.473713 23.273287 3.439399 17.445153
12.123654 19.385427 7.068475 5.598833
17.380238 21.370048 10.074625 13.618765
5.324839 10.478333 15.297010 6.259146
9.234182 5.458856 13.636931 3.692833
25.091800 12.484937 16.374910 25.931276
9.838705 12.209197 2.517323 12.455275
25.923563 11.267328 9.434275 2.873839
1.211965 8.797159 -7.972124 5.884822
13.755355 14.225667 7.560462 -4.533888
3.517066 3.797479 -0.052053 5.077927
2.614152 -0.096641 13.302420 18.702021
21.233473 15.639726 17.244135 9.029563
16.141025 10.762609 21.741528 15.684440
17.090219 18.978187 7.361871 11.586467
1.382887 4.915833 13.267778 6.725126
13.070896 4.713037 17.189579 13.842008
