16.414741 12.345827 11.861593 11.471535
27.468606 25.222629 13.264500 20.588258
24.984611 7.186525 12.600335 2.812186
1.834291 8.218788 11.384429 21.166962
3.163179 -0.650432 13.617441 -3.772250
15.315116 15.132571 7.584756 13.127401
-1.390912 2.432709 3.716892 14.158867
-2.296765 7.391377 2.960229 14.363389
-1.169626 -2.356436 13.721495 4.264421
18.608137 4.402968 10.976812 23.605972
22.767631 11.611069 -3.861372 4.324062
3.387123 0.582095 6.565432 -1.298087
22.795971 7.698504 11.250267 26.609693
18.914796 20.331623 9.545893 21.556253
15.425212 22.909348 17.243729 6.038014
20.949110 14.160772 16.930818 8.132024
8.850575 17.870341 15.913567 6.343957
12.599690 12.067937 18.003326 -9.102988
24.873301 12.669777 16.510089 17.092869
8.817416 8.302748 7.032868 8.938013
12.309304 5.711345 6.288384 8.432343
-4.917430 9.189420 1.173956 9.534851
12.648566 13.463404 12.291384 4.672694
13.512340 14.068921 -0.812381 7.797837
9.767838 6.236321 13.034524 6.070649
11.667561 13.377883 12.597111 8.561810
17.603668 8.245767 18.875288 16.192961
23.753863 21.906413 11.613207 10.090827
8.339857 2.681553 17.529237 5.306741
10.954587 3.980016 9.695634 17.147680
