20.419527 5.883077 10.715397 2.353545
27.751514 21.761622 9.407447 17.698882
22.713262 17.882004 3.539368 3.825105
1.553188 9.032556 21.461602 13.191087
6.570418 3.402847 7.916224 1.325560
14.714722 21.009142 8.671924 13.905417
-2.528525 0.432611 -0.327840 11.997160
-5.339222 9.830181 8.096738 17.611071
-2.102026 2.488263 15.713767 -1.825914
9.656694 3.576998 6.314207 19.819762
12.764530 7.741774 0.518781 3.671532
3.022032 -5.102047 -5.696922 -0.168766
12.709496 1.140625 19.588166 22.565491
19.295413 26.881727 9.460994 28.311314
14.648020 22.435397 13.021894 -0.591232
26.859092 23.320266 12.996775 10.976088
5.167902 8.283595 23.603036 8.410280
9.463729 12.008875 9.950320 4.981603
23.635217 18.022305 3.936124 16.582138
9.387663 14.173694 11.817166 8.264235
16.259607 1.559436 3.824322 17.546464
-1.831735 12.789919 2.266112 6.402677
12.119301 16.194476 17.265349 -4.926906
14.773470 10.448674 -0.607133 3.350749
4.376026 -1.662513 18.183577 16.181513
6.673391 5.003405 11.219417 9.186363
9.928459 13.065017 15.814306 19.909244
20.161399 16.404095 7.552108 6.219720
-3.355001 -4.922086 19.361862 8.322447
10.891256 5.207620 10.957817 5.233240
