21.000000 13.000000 25.000000 15.000000
26.000000 23.000000 18.000000 23.000000
26.000000 21.000000 9.000000 5.000000
2.000000 15.000000 23.000000 21.000000
7.000000 2.000000 2.000000 9.000000
23.000000 25.000000 13.000000 7.000000
5.000000 2.000000 7.000000 21.000000
7.000000 18.000000 9.000000 13.000000
0.000000 9.000000 18.000000 13.000000
13.000000 7.000000 9.000000 26.000000
25.000000 11.000000 5.000000 2.000000
2.000000 0.000000 13.000000 5.000000
23.000000 11.000000 21.000000 26.000000
23.000000 26.000000 9.000000 18.000000
26.000000 26.000000 18.000000 13.000000
26.000000 23.000000 15.000000 13.000000
13.000000 18.000000 21.000000 9.000000
23.000000 21.000000 25.000000 0.000000
26.000000 23.000000 23.000000 25.000000
7.000000 18.000000 11.000000 21.000000
7.000000 13.000000 9.000000 13.000000
5.000000 18.000000 9.000000 15.000000
11.000000 26.000000 11.000000 2.000000
18.000000 13.000000 2.000000 5.000000
5.000000 0.000000 23.000000 23.000000
18.000000 18.000000 21.000000 11.000000
13.000000 26.000000 13.000000 23.000000
26.000000 21.000000 15.000000 5.000000
9.000000 2.000000 13.000000 7.000000
7.000000 0.000000 13.000000 13.000000
