# cel1, cel2, ..., cel13
 13.7853  26.4407  50.8793  24.2898 -7.4407 -22.2180 -28.8235  43.4549  43.3870  79.1942  43.8821  48.5987  3.6234
-7.2724  10.4814  26.0871  33.0131 -12.2315 -33.8928 -9.1352  24.1600  49.3341  86.6250  70.4636  47.3818  2.6289
-3.1294  26.8622  42.3103  4.4299 -23.5581 -41.9701 -19.1920  53.8487  55.3274  74.9168  37.1609  37.9570 -5.7566
 12.0216  6.6426  37.4815  17.6072 -17.0678 -27.5437 -13.7181  16.7694  44.4914  65.7282  57.0332  21.9898  10.4722
 4.0840  27.3775  22.8842  19.7941 -0.3506 -26.0079 -26.8834  43.2742  58.7672  89.1392  41.8528  44.6851  5.3355
 0.8614  5.1221  26.8941  22.0698 -0.3699 -49.1206 -21.9524  30.6008  53.4701  63.9690  44.8320  41.2378  12.4024
-10.4359  33.9214  22.7240  20.2228 -13.3648 -45.4555 -13.0918  27.3282  45.8431  55.6369  55.9894  17.9040  12.0014
 0.3431  3.5841  52.5181  35.3823 -12.9047 -21.4349 -16.1961  19.2740  60.9099  80.5810  47.0451  35.9449 -4.2821
 13.4206  8.7384  33.4560  23.1204 -27.9613 -42.4826 -30.0004  15.9253  38.9888  66.7580  61.0892  35.9031  1.9802
 1.6948  21.9027  36.5287  12.2826 -3.2948 -22.9236 -5.1863  24.6009  58.0191  77.7634  66.7926  38.1196  1.2891
-5.0298  32.4816  48.0245  19.5048 -13.4869 -21.2371 -11.0127  46.0958  45.2648  76.7607  62.8006  42.0994 -0.5594
-1.2324  21.8189  24.9350  22.7768 -13.1634 -34.7627 -10.1522  26.3994  60.8650  57.3414  61.0698  37.3976  4.2848
 8.8277  27.5904  29.5906  28.7958 -27.1804 -19.6644 -7.2318  18.5243  49.9821  88.0354  69.2297  25.5281  3.3092
-6.5669  14.8087  44.6429  12.2958 -22.7009 -35.4789 -22.5185  40.4586  59.4178  68.4787  35.2679  49.6117 -15.7383
-2.5951  24.2899  43.7352  8.8241 -12.4275 -18.9147 -27.0902  22.2509  33.9519  70.1181  43.2006  31.4711 -6.5866
-7.6876  25.4251  33.6328  9.8851 -21.5886 -25.0014 -26.6575  23.0609  44.6558  50.9870  38.9177  36.2448  15.4388
 6.2619  9.9716  44.4190  20.6338 -12.3979 -31.2256 -25.2203  51.6234  57.7318  59.8051  51.9020  21.6466  3.5388
-15.6474  18.6579  24.2848  26.9884 -17.4211 -28.2793 -10.4765  30.0246  67.5286  67.1380  46.6811  36.7630 -5.9174
-3.2407  29.4983  34.6488  17.7538 -29.7306 -21.6079 -25.8345  41.8420  60.7428  76.6914  71.8119  34.7511  0.0306
-9.9308  3.0824  27.9177  12.5989 -21.6658 -16.9527 -10.6834  47.7091  47.9305  79.6159  60.0246  45.8833  13.5697
 11.1915  31.9862  45.7547  0.9464 -19.7280 -52.7150 -8.5659  37.0514  59.9558  75.3040  35.3109  46.5337  2.1695
 18.9741  8.3410  25.1289  23.3952  0.1403 -43.8777 -21.7623  28.4108  34.3850  76.7162  36.7661  41.9688  11.0083
