15.628764 10.908745 8.301469 12.511407
25.109871 9.275632 18.830143 16.579425
23.821753 17.840206 0.532988 8.076463
-2.771742 15.483708 18.686590 19.078414
0.760198 -1.934459 3.008101 3.212054
16.872615 13.482872 9.233828 10.541528
-1.912841 2.010133 0.762339 20.967519
1.283645 7.655073 7.753408 14.731343
0.811043 3.948928 15.350079 -3.563572
20.363874 1.887078 16.463898 22.854447
16.199031 12.985752 2.590287 13.429109
1.369906 7.283353 3.153441 0.614494
21.482577 1.996340 12.061153 31.923388
17.286107 21.299874 6.908010 18.052819
11.177256 23.483633 4.338701 9.875512
14.710973 19.041968 20.057804 6.879283
12.505426 9.555995 28.281751 7.481855
8.794050 4.056652 15.519308 -6.516059
15.547034 10.060289 6.704225 20.419210
7.642370 8.912678 5.601799 12.904398
7.361604 6.527829 12.692305 7.712966
0.352982 17.148818 -0.029178 5.177105
4.938077 23.118438 5.663348 9.246222
16.462188 7.808670 6.093104 5.041760
3.670522 1.653026 14.289011 13.518366
19.593685 8.134569 12.761771 16.641186
15.133153 18.313939 17.080238 17.603449
26.751344 15.047697 9.886683 6.979251
6.100038 1.347084 15.970718 -0.732247
12.956339 5.655194 7.687881 13.651914
