18.107820 9.932774 15.099805 7.118349
26.012970 23.631701 8.483211 15.912911
15.141533 12.172422 -3.039975 5.246653
5.799526 4.611687 19.689899 14.225536
8.840703 5.050535 0.745785 6.562235
11.608155 19.526394 13.696444 18.305209
4.614728 -2.840048 7.389037 29.841864
1.327967 14.175069 4.584299 9.850058
2.042379 0.602816 11.802260 14.398597
11.015949 6.644418 10.110102 23.990752
24.337994 9.365474 -1.009308 -3.353786
4.520657 4.365061 9.632389 0.009283
21.669628 6.987347 10.957076 18.625874
15.132498 21.860279 3.239918 16.635966
17.362074 28.600254 10.846569 13.974351
19.131277 11.421897 19.349011 13.598495
6.763282 2.345737 20.687690 8.712072
15.233257 10.621580 15.091884 8.535901
22.612353 24.762811 4.460908 16.578595
12.106854 10.634464 8.930123 17.720370
8.442263 10.968017 5.095454 9.063676
-7.986069 10.674029 -4.562676 12.863427
7.306052 17.588719 15.595393 -0.777667
17.803004 6.537440 -2.504850 11.700556
3.247107 2.467481 5.681002 16.650624
9.651068 14.392874 4.051177 20.017053
8.940676 18.964717 14.497889 23.929168
22.057549 16.751150 12.895326 13.157277
8.180886 2.385961 23.272003 6.037860
13.392096 3.784846 8.617670 17.849412
