22.105335 18.841126 13.561578 11.594904
24.156503 28.358465 19.806505 19.621714
21.746391 21.672003 2.590391 0.556059
-3.910642 4.877674 22.741396 12.438129
5.943158 -1.552558 3.571655 -1.397900
9.902701 14.278912 7.708637 11.709619
7.212276 -4.210540 0.846866 13.078856
-7.424857 15.986679 -2.730766 14.454889
2.005786 0.448040 8.045433 -9.475380
13.889946 6.738314 11.402475 22.692274
26.412249 11.878201 -2.133328 3.034163
9.601170 0.702103 -0.566876 -1.193919
29.288843 3.428457 10.715609 34.078509
16.997860 17.495580 11.759967 17.485045
5.806881 23.741974 14.793957 4.960424
18.949464 21.644048 15.516397 16.226081
8.139063 9.785479 17.291227 14.159206
13.399427 9.856078 13.567762 1.952296
18.061610 7.438543 11.309444 14.062482
1.738360 16.721410 0.748945 10.900390
13.053449 -2.072132 2.839757 14.814524
2.250829 8.013676 8.717623 17.898251
14.143218 19.602246 13.357669 -3.264920
20.318810 11.458033 2.822012 12.743960
0.418566 3.406503 11.651315 4.514161
19.948134 18.120896 15.323186 9.874481
7.955747 24.054963 15.114726 23.901287
19.679078 14.763630 5.258710 5.469997
6.949582 -4.706032 15.141675 5.145122
7.676946 10.939688 9.396554 14.988330
