14.286769 17.323497 9.016607 5.499977
25.464259 13.557112 12.212985 17.999538
26.285220 20.272485 5.454336 3.491503
4.545650 9.456241 17.985674 17.880018
13.496433 -0.812039 0.604001 2.597553
6.798140 14.571540 11.615221 11.019317
3.158497 2.819123 1.745289 15.446684
-0.589771 8.416305 1.812649 18.122989
4.182345 5.555839 16.149314 -1.946970
11.351916 8.905221 0.640365 16.958663
19.050605 6.164474 -0.447868 6.445218
0.832359 -0.410805 6.701058 9.476867
25.908080 6.870294 6.928687 20.749623
15.185671 25.213406 11.366195 14.911772
17.960246 26.665746 16.873052 6.420482
19.647806 22.240423 10.014463 25.522571
3.284485 10.825577 10.232217 12.850659
10.748515 8.691151 13.708030 -2.814655
24.719889 19.124483 15.465874 16.700908
11.619975 5.813019 0.118826 15.453926
11.108180 7.416687 0.951773 4.603594
1.894648 8.254790 6.053824 14.429844
9.103553 18.585555 8.429588 0.367381
11.728694 12.019597 -1.038929 10.200226
5.430610 7.372285 9.535002 14.194858
10.718877 21.607842 8.512182 17.834226
13.219500 15.735485 16.914809 19.546550
20.812146 22.883814 15.360505 11.209940
2.341138 5.722097 27.508548 4.907128
13.840495 4.376073 9.100666 16.097042
