14.360199 8.985418 7.221128 3.799145
20.866536 15.649484 8.331651 19.707253
22.169318 16.120280 0.993150 7.751559
7.047133 5.593117 22.899906 9.106045
4.431349 3.809011 1.676256 2.972452
21.194342 14.645054 11.985259 20.582181
0.403592 3.519478 0.210950 14.838643
0.106279 5.453732 -2.141746 6.911436
3.256064 -1.243615 7.466777 -7.056833
14.829868 7.318126 14.381506 7.793793
13.324434 6.322178 -9.944534 8.877184
-4.167704 3.970006 -7.424276 3.718505
20.084313 4.413701 11.106900 19.220025
14.063809 24.097298 -0.146214 16.754390
17.564433 23.775977 8.399429 15.077147
21.007648 22.066376 13.967220 14.681094
10.910677 3.536212 20.522689 7.721475
14.795874 6.577687 12.983143 -0.396788
27.889909 13.695515 9.936286 22.582752
8.580140 4.280302 8.421391 9.360301
6.095742 7.013606 4.398940 17.522908
-10.331461 8.302251 8.302921 10.143533
2.873651 14.151574 5.169436 1.572655
10.496779 8.125023 1.590877 10.671228
10.237185 -5.717953 12.468563 13.323641
11.140661 14.604555 9.732085 7.997646
2.859435 19.863289 14.820672 12.514013
22.096069 15.796305 12.931637 8.012439
2.789276 5.946150 15.941927 0.840934
8.826246 -0.271616 17.820435 11.702875
