20.736960 11.545203 8.552550 14.752000
28.959579 18.310351 17.525821 16.384308
28.924301 19.221752 1.385404 2.996131
-5.801092 4.213961 17.405242 21.041284
6.752894 -0.210572 -6.370114 0.460772
7.025199 21.073200 17.161240 8.397180
-4.660628 -2.317128 10.882895 17.622421
-4.331384 5.741360 0.907007 9.817570
1.466887 5.571286 11.400912 -2.770820
14.494988 2.711498 12.184721 22.982850
16.329216 2.676066 6.083733 5.520069
3.574585 2.351981 6.062534 4.199962
23.196446 7.197435 11.625084 32.134878
14.734719 27.756363 10.446632 15.868848
21.280031 25.358608 11.512468 8.707558
21.704936 21.794557 17.065926 11.981980
8.461703 12.319738 22.216253 7.272671
18.605452 0.713296 16.655424 3.837932
24.840264 12.899350 10.963689 10.657790
6.451436 12.944063 4.475809 15.958258
11.332267 7.291636 0.873335 9.322213
2.479292 11.468966 0.360405 10.308457
13.117479 15.640325 10.418938 -7.046271
12.928413 13.155147 1.585939 13.627050
5.653957 5.085430 15.509757 10.609787
10.141490 17.343613 10.409937 13.732920
20.338030 14.916504 21.204491 19.388484
19.517259 9.958892 4.205541 8.555260
-1.193047 -2.628354 18.640925 -3.066355
12.605505 3.152809 6.924677 13.506820
