21.118761 17.698695 12.871880 9.946391
29.500668 16.173057 13.991514 13.798846
23.729945 18.506630 -0.292014 3.247956
0.400223 6.482251 26.582150 15.349814
0.201304 4.561585 2.681441 5.070885
10.755300 15.545700 12.382423 16.734125
-2.479878 -1.989451 2.083480 20.712895
-5.264717 9.833870 12.899297 14.264428
-2.622967 -1.383409 5.412206 3.250079
14.832937 1.460776 7.547700 22.949834
22.425604 5.792464 -4.565706 4.704607
7.481061 7.661082 -0.497976 -3.929418
18.789482 4.927282 10.474307 20.139377
13.907289 19.672857 15.481523 14.703655
14.539606 25.234886 14.346755 -0.164487
18.897663 20.854325 16.218814 12.248363
6.777050 5.915188 18.951293 8.784668
13.771427 7.346301 14.369120 -5.851718
23.977328 8.783985 13.569696 23.318084
-0.101111 14.045300 8.568216 7.000618
3.958849 5.214389 0.120384 10.374241
-2.854700 13.206394 -2.603088 15.618385
5.501915 19.186481 6.298032 1.437678
15.862581 9.946173 2.230418 6.832855
10.514521 -1.316358 19.968532 17.180638
8.320203 14.278902 19.171592 16.571130
17.811717 13.847304 12.791928 16.958634
19.580119 13.299611 11.001010 2.453302
0.135359 -0.475925 20.139649 -4.052336
15.986333 11.120734 9.371842 13.533967
