20.609692 12.830553 13.541549 7.751257
18.432325 15.527684 13.420647 17.289518
24.888964 10.882743 -7.268405 3.857763
-3.266140 16.125027 16.574653 19.699023
4.864242 -0.845355 0.134991 1.475615
12.908523 17.541016 6.782104 11.605903
-2.447703 -1.576615 4.769653 21.855829
5.002948 9.609468 2.865774 17.491983
0.026331 -2.724338 20.035489 0.935693
13.788122 5.178669 8.104776 21.620194
23.953967 7.353962 -0.493046 6.570400
-1.107710 3.515053 -3.990664 -2.443291
24.703403 7.399033 14.579442 21.513485
10.616769 19.349772 13.946727 15.730724
15.204901 18.767950 13.745893 9.434472
15.769428 21.728828 11.402631 17.080969
5.194864 16.029571 23.982841 3.477149
15.869435 8.332067 16.389649 0.392532
22.963635 19.453458 13.085886 24.845072
13.434382 5.052505 8.431243 17.589264
13.314097 -1.784633 5.655057 9.946879
-3.016508 14.775399 -4.335941 12.778900
11.480523 19.672662 12.302520 -4.124988
19.384717 0.786427 0.291209 9.124486
4.145718 4.316118 11.627485 9.956440
14.726026 16.304571 11.158406 22.502165
10.989392 18.663038 16.419197 22.756524
16.310736 15.533348 0.881502 5.880476
4.209185 -5.702605 18.347933 5.834087
13.051089 1.060270 16.590234 16.010394
