9.902861 13.254528 11.582350 12.701424
24.658009 17.762205 21.593608 14.227215
25.947506 24.594622 1.681071 9.890518
-7.481757 7.931598 14.948015 18.148003
6.152042 -2.052942 -4.550221 1.325887
7.089134 20.510101 11.882090 17.663064
4.203721 1.781466 8.061093 20.578374
-1.480700 7.996022 2.331642 11.907220
-3.956654 2.624383 23.718355 4.741550
14.684971 4.838963 3.699747 22.353919
21.920056 10.246756 -1.258295 15.047018
5.657540 0.940040 1.001397 5.034552
21.473783 -0.444024 11.436476 25.965265
12.116504 29.141760 4.007678 23.038813
5.101542 27.541572 9.678789 10.905050
22.762622 18.803295 10.989448 25.148455
10.850131 16.474224 17.972645 6.433517
9.934911 6.656873 14.395039 7.948219
24.982694 14.346182 7.324454 18.646945
4.960239 15.027823 -2.641603 16.987588
5.615925 7.157115 8.291844 11.810128
-0.247898 13.611908 -0.663709 11.953565
11.924582 25.572304 5.448503 0.444148
14.702619 16.642042 4.366578 3.886650
-6.065928 -1.718701 13.905421 20.537628
7.134797 11.790409 8.359012 9.843311
14.999594 17.931868 17.163171 13.013388
21.614019 15.059598 9.024088 8.399864
5.402634 0.087542 20.604016 6.107018
12.455536 16.235343 9.899258 19.047796
