15.198111 24.644438 18.485696 10.362350
23.933722 24.158729 17.096524 18.272534
24.004919 17.971963 2.488423 7.190206
0.179404 16.438755 15.461240 13.853563
9.092101 -2.046388 3.877584 -3.762432
14.210497 22.393005 10.864703 16.369471
-1.650431 -0.134916 3.136087 19.107862
-4.757106 7.337162 5.097230 18.664786
3.802697 3.671757 14.973769 -2.490184
8.612007 5.913176 -1.315350 16.840730
25.396283 11.646296 -2.230282 0.184484
4.982523 -1.193320 2.481539 1.680427
18.537439 6.213043 15.191250 19.287483
16.286283 21.614218 3.769229 18.367348
15.660561 29.871480 21.717229 2.132125
22.203854 16.527311 6.226544 10.330623
10.581073 15.486398 18.320929 8.530945
10.435075 17.235922 19.989315 0.932216
23.774573 9.569879 19.318412 23.197825
12.347595 11.020438 12.675320 16.438547
9.633899 2.400299 4.750141 12.569571
1.986817 4.653663 0.910994 14.242503
12.199018 18.665203 7.614382 -8.890662
17.765462 6.897035 7.946896 12.654757
6.455059 0.550218 11.385796 22.525168
14.564306 13.207390 7.679059 20.099203
10.999396 14.510135 10.786260 14.604732
12.903215 16.559195 7.649891 5.835988
8.778738 5.686045 15.838213 1.796411
6.536294 3.203129 4.512643 14.867353
