13.963962 10.580141 13.796413 10.536081
23.794699 23.151602 16.429596 17.073584
22.751074 21.045057 0.446328 5.117888
-3.454137 6.407871 19.917101 16.285053
9.932800 0.860650 -3.593468 -3.023248
7.723660 11.314230 13.385999 9.521541
-2.915701 -3.278243 6.529698 11.943871
5.684247 3.683730 4.242672 16.567552
-4.586017 0.702865 23.197258 -3.091873
7.981442 6.780651 0.420887 18.416304
26.672802 2.653081 2.393533 2.606782
3.626922 8.418509 5.149877 -0.361182
21.737530 2.416315 16.894097 20.333593
10.279613 22.257311 8.703991 10.802093
15.604076 32.047788 5.480081 2.558496
14.931855 20.684049 19.287701 14.221271
8.849897 3.104734 22.171209 18.934759
21.529057 12.706275 14.777833 2.105488
21.482446 16.356860 14.421640 15.575502
12.934312 12.332446 3.360504 11.905757
13.117651 8.159424 12.709262 7.125278
-0.690064 6.799004 3.352396 12.683288
12.669894 26.517592 19.981175 -2.664342
1.188746 9.955287 5.510818 11.684036
7.695458 -2.138086 7.074275 4.801996
14.276191 14.618702 17.085450 13.256736
13.524666 17.268204 17.599110 21.838923
15.700618 6.231229 8.883788 9.578068
-0.532436 -6.597562 14.774440 1.386955
13.188961 -2.057163 6.368592 15.984016
