20.958537 9.858420 12.151469 19.248620
28.603540 18.174188 15.587892 17.174437
23.935848 19.228669 2.323962 5.608723
-2.272640 11.729175 19.306365 15.684372
14.150570 -2.498993 -1.370134 -0.744754
3.574877 11.324399 19.216672 15.304103
4.801976 -5.429637 2.679206 15.611633
1.150326 17.101657 3.108021 12.172185
-2.756401 6.993014 18.560114 1.761206
5.075045 9.997282 11.128051 22.199758
32.677774 8.357238 2.585542 9.596969
4.507324 1.851908 7.549800 -1.767342
20.561755 4.587316 3.445865 23.725154
12.515710 20.283067 9.503336 20.421420
24.146287 32.712915 15.110815 3.731824
22.904577 19.641604 14.360780 7.319647
14.201418 11.864900 23.183313 15.522430
15.329497 16.506405 15.026931 9.133842
30.517244 7.486684 10.175753 14.426423
7.270210 14.929867 3.205243 18.364119
11.260588 9.765437 -1.956681 4.585309
-3.009195 15.615326 -0.398368 6.082694
12.675925 18.024185 13.868596 4.068415
19.185024 -1.364970 13.172014 7.783141
3.413606 6.868766 10.682600 20.908137
16.102124 16.534620 11.727292 15.210342
14.306294 22.499349 16.160279 11.448235
14.719958 14.062274 13.276683 5.529649
0.167175 -0.117623 17.525681 8.538281
11.328392 10.233864 14.146476 14.743194
