13.225684 15.724808 13.005679 4.432878
23.383621 21.340627 16.047773 18.278437
26.026137 19.128840 4.811611 9.280478
-1.133781 1.765594 17.362965 11.671604
10.169454 -2.276461 16.057737 -5.634663
9.899852 15.129575 9.768180 14.272435
1.823025 3.403504 -3.608155 19.577666
1.993828 11.641241 11.204381 12.494474
-1.181398 -0.470891 23.450253 -8.688063
15.835342 0.269532 8.043287 19.403633
25.998409 8.074308 -2.549363 6.798144
-6.162132 2.661532 1.275922 4.998843
19.611217 2.967918 10.108371 22.269534
14.791122 19.919965 9.630585 15.727538
6.603699 26.464900 9.427524 2.161343
19.013861 17.139800 9.272712 8.015904
9.125167 7.451325 15.642609 15.631217
19.554409 12.044122 8.308862 3.876185
24.250390 2.220246 8.837443 21.192637
9.520445 9.315910 5.657024 16.307354
8.970224 5.757484 9.755425 8.010892
0.170873 10.019033 -1.233590 11.429779
11.368795 14.859069 8.469362 4.501214
11.453189 9.077838 0.513625 14.519694
-2.434006 -4.039149 12.937791 25.026681
12.055385 18.295249 11.237604 16.271075
17.383192 22.003014 17.339244 18.735013
22.784231 14.612034 3.119674 8.089796
2.293783 0.922010 15.697861 -1.353727
9.619535 5.498709 14.694229 15.506205
