16.121256 8.696092 18.956233 10.550932
23.796868 16.428864 13.399253 18.363212
22.748108 15.848769 5.094534 1.952434
-0.549862 11.609849 16.311995 14.873775
3.292474 -0.237826 -0.782213 5.383822
17.982517 19.551784 8.780674 2.923043
0.502634 -1.339728 3.525112 15.507763
2.508651 12.263265 5.180877 9.283014
-11.094430 4.610825 12.837175 8.638416
9.114811 2.885398 5.113517 23.166450
19.057537 6.357686 0.774398 0.136857
-2.285688 -2.818210 8.112071 2.222085
16.858011 6.001618 14.949655 32.838842
16.983348 23.218729 5.424931 12.847546
22.016338 21.021227 12.612408 9.492283
25.040872 17.311690 11.051011 9.154366
10.104703 13.052259 15.480428 4.615861
17.748698 14.258941 19.704476 -3.555391
21.412914 17.666698 16.706964 20.237885
3.733598 13.337514 6.380513 16.209179
3.674938 9.487106 5.718428 8.179216
2.108701 11.778820 4.974008 11.192705
6.676899 23.424877 7.700148 -2.054954
11.988116 9.181447 -0.773682 1.593000
0.394950 -7.701436 16.843714 18.032931
12.177173 13.168781 16.098684 7.935595
9.031238 24.572560 9.376491 17.834562
22.281863 16.016754 10.378294 1.587195
5.679122 -2.099955 9.908148 4.087562
4.086891 -3.242632 10.194590 9.097722
