19.910721 15.867040 12.089222 15.369075
26.166368 17.199216 10.229527 11.666364
21.419552 13.131906 4.549377 -0.655191
2.420969 9.236645 18.056477 14.307377
6.725055 -5.659136 1.920379 9.114570
12.976674 23.119442 9.619980 8.254529
7.489186 -1.658479 3.874152 24.842328
1.678697 3.765835 2.540584 12.656916
-3.411171 2.703970 12.796253 -2.048274
15.410979 1.978394 9.169477 21.773198
20.687696 10.595078 3.013826 3.233258
3.006714 5.491311 2.207160 0.082692
22.966815 0.280007 9.532801 28.871589
15.334741 25.343946 14.171522 11.488631
7.079510 27.796381 12.640521 4.521424
20.801224 17.818550 13.662230 11.354624
7.336043 5.164305 16.578381 13.031771
15.711669 8.355651 8.524392 -0.517796
20.232787 19.306826 13.693370 21.651291
9.117714 18.635567 -2.088796 11.405487
16.937779 6.616922 1.946539 8.262475
0.669618 9.713013 -4.899236 12.721505
11.504738 22.895070 14.055550 -0.602836
13.214918 3.430350 9.570784 8.004487
-4.914296 -3.848014 12.232740 18.767304
10.239206 10.630387 14.920204 13.443571
12.471617 17.767564 11.670012 11.934293
14.591298 14.058014 1.939924 15.677305
9.518780 -2.301016 16.581096 2.872561
6.126563 8.124384 3.227244 13.549836
