19.799991 9.837621 14.159142 14.043405
24.492846 16.989014 23.871853 10.459787
25.711531 18.665262 1.657968 -5.573388
0.253231 10.177731 15.651517 22.515775
-2.105785 -2.090212 2.448465 -2.050643
10.693879 20.270958 13.733711 3.857966
-3.869683 2.343359 6.108585 9.899468
2.346632 1.828641 6.994554 10.562949
2.200098 5.570442 15.034662 -1.172366
4.577106 7.529647 14.606024 13.816101
21.621615 12.989022 -1.185363 3.190298
2.390993 4.361483 6.639562 3.468285
22.551631 -5.607414 7.747097 28.072653
16.019690 17.596173 7.216474 14.609100
11.268011 20.776151 10.540488 10.023985
24.223400 12.203266 9.948098 9.797086
3.690088 3.357357 19.256743 12.539204
9.796713 2.642413 7.824788 3.221259
26.179194 5.262829 1.226687 18.465616
8.965018 8.329031 -2.281733 -0.448057
15.614225 14.046472 4.581631 2.812854
8.463297 8.777011 -4.882022 9.457985
17.300722 15.154705 13.397783 6.232287
9.267416 6.680263 4.262135 13.936193
3.469767 3.293011 16.689183 7.998723
17.575220 12.482041 17.540205 11.885515
13.445886 9.315372 16.109114 21.362316
11.689933 9.950039 10.224332 7.087158
4.043692 2.503605 19.822542 5.428116
11.154368 1.773682 11.449230 14.627510
