17.667104 18.541597 15.975717 11.676419
27.060899 18.397629 16.999916 22.785529
26.041209 21.212144 -2.338497 0.221383
7.798599 5.350117 17.859249 9.066171
6.342116 5.889317 -4.061475 3.949489
16.518037 5.883261 11.377690 18.560511
0.558746 5.564293 1.280471 19.748579
8.595262 8.184293 -1.999005 8.735774
1.936801 3.331165 17.167267 -2.914914
12.556525 4.119494 4.575961 18.871165
22.078899 4.649530 2.546487 6.194859
9.707279 2.404547 -11.396074 4.949851
21.713403 0.674667 8.470315 19.615316
13.436916 28.639248 9.393559 19.488865
20.361239 18.402571 14.187798 8.128487
25.303631 16.708243 14.415098 16.473993
18.478827 2.433489 23.942039 14.101682
11.792288 12.864032 2.886610 -0.022057
27.026206 21.860508 11.324727 28.559530
7.357640 13.943024 1.490170 11.117797
10.433383 5.038920 5.704229 16.674135
3.369773 12.408875 4.014343 7.257636
10.177097 16.628550 7.565682 -2.933744
8.974360 11.864586 2.889849 5.674040
5.431335 0.205883 10.674244 20.228325
21.258248 16.388234 7.276409 16.304559
6.962281 14.051720 13.737230 21.150390
22.150236 16.618999 9.193996 9.153288
2.910362 1.403778 25.419624 3.675191
12.642636 1.744957 16.345456 17.638949
