14.201899 18.866607 13.014333 4.360730
32.958628 21.015465 10.855450 16.842573
15.390626 12.199587 3.656431 3.211614
-6.862486 9.135272 21.908929 14.999752
1.996725 2.741475 1.476554 -6.794840
17.181102 20.579062 11.028517 17.093205
-1.063117 2.436285 -2.677701 21.512761
-2.333632 14.910014 0.276506 14.361443
-3.844609 9.005231 14.089493 -7.164065
9.500681 6.367978 3.821374 20.753531
22.532086 11.776367 -1.578634 11.638483
5.011291 4.526184 8.480616 -0.394132
22.511639 1.731517 13.982162 26.726000
18.752451 21.832340 6.749119 13.192698
13.979376 16.650428 10.878739 5.158327
20.484079 22.590190 13.625983 16.308125
9.234316 4.077736 20.979088 4.761686
8.636139 13.636961 13.835015 -4.735835
20.718593 8.473331 9.477008 19.378393
10.826499 14.766498 3.675692 18.092899
12.434394 4.603121 4.534252 4.531114
1.044838 -1.039146 4.820196 15.153633
12.448377 20.242733 11.581554 3.187076
18.382103 8.667634 7.128192 15.694970
0.084365 -1.026787 13.492711 13.831914
14.826420 22.269360 12.980832 18.783303
9.125627 12.927231 17.859865 12.251783
23.981473 17.883956 21.368085 13.669423
0.857196 -0.685867 15.685688 5.841762
14.655266 3.768249 11.096518 22.579044
