13.818418 14.775238 10.166766 11.129304
22.878903 13.772384 6.051518 18.478108
25.709869 12.718134 2.973706 1.168888
-4.689944 8.820128 12.964519 26.545895
5.102124 -4.701704 -0.172194 -9.581974
14.089192 13.996776 12.471694 7.695320
-4.611296 4.861369 3.139342 20.270447
1.554959 4.143231 7.049601 12.231765
0.967926 1.732007 14.966970 0.943441
17.225641 6.969402 5.712063 25.319545
28.165460 10.844605 3.701218 9.533530
1.435141 -0.596138 0.968852 1.873410
26.935171 8.034212 11.576609 27.858774
15.968102 27.225232 4.570320 14.465278
17.671022 18.841575 7.736880 4.732710
20.536758 19.037052 16.935623 16.683594
10.758692 3.824145 18.897583 7.427117
12.399928 13.175080 11.323325 4.408242
28.923201 16.161560 5.104890 15.930372
1.247230 14.139774 6.204885 16.802275
9.641868 4.842346 6.158089 7.692275
7.781368 8.163808 2.867193 9.246457
11.894005 19.064764 10.990226 -1.034573
8.894686 3.832246 0.656931 7.603243
0.113925 0.648809 19.783433 16.782126
14.312117 14.898603 19.278268 17.556932
11.799345 12.426065 14.526368 20.578784
24.125901 9.399363 1.719437 5.370565
6.948139 -1.752647 14.483148 -0.778185
12.074858 8.626196 10.150762 15.197998
