# cel1, cel2, ..., cel13
 0.2147  17.6422  51.6908  18.3816 -30.8010 -23.4616 -28.3725  24.4928  50.7239  74.3397  62.0558  40.2918 -2.4000
 5.3244  6.0855  34.2013  18.5414 -3.3519 -43.4038 -0.7032  41.9718  48.4970  52.3160  52.4870  32.7648 -12.7696
-5.2393  19.3118  54.0981  20.8266 -0.5068 -50.2739 -10.5593  43.1006  55.4127  51.3862  70.2906  44.6301  7.2290
-4.9320  30.3967  32.5831  6.8039 -14.9032 -15.5902 -21.1707  40.0209  67.4119  63.3473  63.5457  29.2235  2.2784
 16.0916  24.4072  45.1259  27.9102 -32.5827 -31.5235 -26.3573  48.8190  45.4142  78.8352  54.1193  23.1725 -18.6775
-15.1471  28.5758  33.4560  26.9902 -13.0898 -47.7273 -31.5850  47.8190  60.2347  84.7948  36.4028  38.0407  6.0719
 17.1121  20.9825  44.1671  18.1045 -14.6450 -30.3969  1.1102  28.7712  34.9795  52.2010  53.3884  27.7063 -18.1471
 18.1075  35.0538  48.2286  26.4583 -24.6917 -33.6839 -32.6414  29.8615  59.0889  71.0274  47.8383  49.9529 -10.1605
 16.0399  17.3146  30.9733  23.7405 -36.5431 -29.0285 -23.9567  41.2273  67.9945  60.3290  50.0483  30.0394  12.9441
-2.5980  30.8759  41.9204  6.4083 -21.9893 -40.6496 -20.2735  30.3505  35.0601  68.5974  49.3258  52.5831 -3.5806
 14.4662  15.8683  16.7100  3.1620 -12.5396 -22.3507 -12.0158  21.1817  51.2066  73.3646  60.0424  51.2724  15.7097
-17.3295  11.4598  37.4458  14.5478 -12.9379 -50.9036 -26.0045  45.6791  55.3306  52.5930  39.2735  41.8236 -15.5368
 2.2839  0.4422  25.4275  34.2892 -12.2581 -36.3455 -25.6359  18.2039  65.4646  63.9511  37.7399  44.7721  11.4421
-14.1693  10.6749  40.3481  2.8471 -19.7033 -35.4056 -13.7349  20.4894  55.8254  67.1324  55.4777  42.6003  7.2621
 3.7497  18.5819  44.4949  28.1532 -18.2996 -39.9972 -21.6193  41.3926  57.0500  73.5835  54.6410  24.1849 -1.4601
 9.0284  7.1206  18.9259  24.0280 -10.5752 -39.1716 -2.1255  26.4580  56.7163  79.9262  52.4504  39.3471  9.9732
 8.0828  30.9143  32.4837  25.9977 -11.5497 -37.5691 -6.5752  32.9143  63.1556  65.1383  61.6989  31.8078  3.4769
 14.8468  29.5289  25.4024  26.0954 -30.2122 -52.0486 -31.3717  39.9653  60.8282  60.0376  55.9579  27.7035  4.1015
-7.3596  29.2989  32.8043  11.5572 -5.3103 -41.1708 -18.3967  32.3228  50.5304  63.8951  55.2435  32.3265 -0.5159
