# cel1, cel2, ..., cel13
 6.5967  46.3465  3.8372 -46.4257 -41.4168 -16.0219  20.9467  71.7231  10.5622 -1.3273 -29.8808 -60.8898 -45.8814
-17.1520  25.3894  18.1854 -39.9273 -36.6901 -7.0295  34.9514  44.6818  36.8587 -8.3055 -46.8787 -67.8136 -45.9633
-12.1124  31.6227  2.6570 -24.7603 -29.0714  0.6639  27.5200  47.0770  29.8477 -1.0802 -23.6539 -55.3601 -62.7224
 10.3281  36.9336 -0.4831 -14.8510 -21.9974  0.2968  31.3545  73.4555  41.2944 -13.9646 -14.4273 -66.6492 -49.1006
-11.6861  15.9260  12.6953 -16.0364 -25.0239 -15.0484  14.2255  73.5630  35.7193  10.0342 -40.2730 -65.5465 -55.7932
 6.5805  31.9879  19.0300 -44.6068 -41.0127  5.8743  31.0572  52.9283  12.2686  1.2840 -19.3929 -44.2293 -46.5167
 9.9175  36.7282  5.6458 -39.2002 -38.6669  4.6012  35.6906  56.9430  19.9663  9.3327 -26.4094 -48.6629 -68.3824
-3.0769  26.3268 -7.3003 -23.6047 -46.3721 -10.1593  20.0738  47.1371  29.1515 -7.3823 -23.2170 -55.6932 -69.7445
 2.8970  21.7726 -9.3600 -43.7190 -30.3393 -17.3355  34.3109  54.2645  28.9070  14.8975 -43.6291 -54.8884 -60.8427
-15.4296  43.8641  14.0095 -22.0096 -15.9476 -17.8665  12.8647  53.9007  33.1632  13.0142 -47.6194 -53.1319 -68.4144
-1.8277  10.9613 -4.7155 -38.6481 -30.0943  1.9233  25.8407  72.8698  32.0038  0.8156 -37.9671 -51.8739 -51.3727
 1.0636  29.6444 -6.6560 -29.5424 -28.9081 -0.2307  13.4598  47.8789  21.9920 -6.3043 -44.9818 -55.2809 -57.4149
 3.3752  20.6572  0.6356 -31.4333 -35.8233 -17.5838  16.1344  59.0811  23.7183 -15.7499 -32.5360 -68.2309 -49.6478
-6.5444  11.3726  2.6437 -27.4604 -49.0634  6.3613  47.1285  69.0997  30.5323 -7.4825 -43.2160 -52.6433 -41.5945
-17.2817  24.1414  5.7429 -30.9027 -47.8111 -9.0544  43.9766  69.7492  38.2923  17.6460 -44.9189 -52.0548 -57.1668
-8.2405  23.8091 -8.7276 -28.8742 -46.2159 -8.0672  32.8206  42.3547  45.7694  16.5369 -42.3792 -41.9941 -70.2307
 11.1043  19.1404  19.6426 -16.4810 -30.6300  6.9282  14.0582  79.9037  16.2022 -11.4596 -17.9467 -66.6518 -41.8578
 5.8395  37.0560 -2.0138 -38.5881 -34.7136 -7.5702  18.5025  66.3074  24.0579 -6.1863 -28.8516 -76.4272 -62.3964
-0.4031  27.6334  3.2651 -13.6957 -26.4981  1.3690  22.4753  68.6295  17.4495 -5.8289 -45.6350 -76.0688 -78.5431
