# x1, x2, ..., xn
 3.7510  26.3262  1.4339
-9.0320  45.8164  13.0959
 4.6012  33.1770  2.8439
-7.4592  27.8076  5.7649
-7.6120  11.7646  14.3442
 0.8085  20.3444 -2.4350
-4.1747  37.3663 -0.8128
 1.1799  27.0996  5.8773
-6.1825  10.0886  15.6209
-9.5271  33.0992 -4.2477
 0.2472  15.5287 -0.8877
 5.4635  29.7763  1.2678
-15.8066  37.4420  13.5559
 2.7870  15.2752  1.6082
-11.7187  29.4960  14.6340
 11.4938  13.6336  19.0234
-13.2424  29.8135 -12.8182
 3.4189  33.7081 -9.7105
 1.3993  17.0909 -8.5701
 0.4039  43.5379 -2.0078
-12.1407  29.8555  13.4242
 4.3721  47.7143 -10.4743
 2.7838  23.5941  8.1270
