   2.4784858e+02   2.9355674e+02
   2.1113121e+02   2.6696450e+02
   2.2879682e+02   3.0746587e+02
   3.0445406e+02   3.0032935e+02
   2.7568941e+02   2.7132214e+02
   3.0764680e+02   3.0405068e+02
   2.0430871e+02   2.9340284e+02
   2.7585792e+02   2.6506741e+02
   2.6453638e+02   2.9787960e+02
   2.8421298e+02   3.1133234e+02
   3.1213982e+02   3.9935485e+02
   3.0178057e+02   3.9947281e+02
   3.0110177e+02   3.1714689e+02
   2.9236868e+02   3.2317104e+02
   2.9606791e+02   4.1404668e+02
   2.5219270e+02   4.0736738e+02
   2.8895114e+02   4.1033702e+02
   2.7315861e+02   3.9409677e+02
   2.8375919e+02   3.4222032e+02
   2.9444140e+02   4.0259071e+02
   1.9811914e+02   3.2240162e+02
   1.8676696e+02   4.0640205e+02
   1.6467613e+02   3.5574345e+02
   1.5223832e+02   3.4769905e+02
   2.2206855e+02   3.8031216e+02
   1.6986891e+02   3.3863224e+02
   1.9691993e+02   3.5535002e+02
   1.7037497e+02   3.7311419e+02
   1.8936897e+02   3.7317733e+02
   2.0708766e+02   3.7176354e+02
