9.123229 14.276597 15.771424 9.310902
21.933918 18.531891 19.647734 17.560702
28.250106 22.765165 -0.496631 5.288505
2.408015 6.525927 19.907160 13.214103
7.848721 2.442230 2.897775 1.034622
9.122747 14.462867 12.563239 8.098124
14.508434 -3.515430 2.365244 16.424767
-0.214537 15.156626 9.452564 11.938265
-3.659656 2.123063 10.018308 12.663847
13.990757 15.279404 2.601388 24.607798
19.091408 6.977823 -0.979231 6.871348
-0.288395 0.456637 -0.783912 -1.391469
23.084072 4.737807 10.941280 23.007147
11.103819 19.075626 0.698127 15.286633
11.258054 30.659039 9.025823 16.685809
21.749179 19.523137 13.798889 12.774685
11.487071 4.119289 19.056906 12.876851
15.845710 14.297302 7.219379 -6.842775
28.370404 8.127206 11.454173 19.705495
2.392835 9.924248 7.669325 15.778460
10.194047 8.367885 6.137839 9.961583
-0.110114 13.195560 2.428001 6.365481
14.060750 15.361525 9.929957 4.835971
18.441331 4.020287 4.497270 12.752114
1.478696 4.701500 8.891792 2.622550
17.902802 22.960143 15.896479 18.098414
19.329957 15.927774 19.994815 24.103541
17.301997 18.875651 8.424193 15.758346
1.707385 -2.744372 12.088340 9.378092
11.000114 6.734031 3.120229 24.293415
