13.482309 18.751792 18.183954 5.632475
21.543893 21.964385 16.084623 14.172333
26.575634 14.819113 -5.944893 13.015336
-3.268503 6.821958 14.207451 16.594449
5.217879 2.356534 9.423642 1.692606
18.745229 14.742776 12.758229 8.696732
4.804686 -0.942694 7.705955 10.210243
-6.725341 14.499797 3.295998 16.882840
1.440860 5.444288 14.357629 7.057774
14.179096 -3.223464 8.533583 20.731339
14.015570 5.475687 3.169023 2.250711
4.758992 7.478834 3.290015 3.810699
17.616947 10.545222 10.634573 22.509960
10.602494 27.837883 6.370370 16.138830
13.771287 24.206432 1.709762 10.055621
33.528942 18.126193 12.853778 9.966232
10.234097 5.373038 25.025076 7.839327
17.544545 8.368636 13.885792 6.676692
27.090057 17.796614 5.018874 21.046938
10.001322 7.906383 -5.483764 13.336455
7.066476 4.711350 3.243001 11.987490
0.062615 5.570134 -5.011155 13.039076
6.968465 11.300691 9.280199 6.880189
15.084717 5.921299 5.235446 12.354616
5.426334 4.589378 9.840672 10.602118
8.761649 12.122494 16.853607 18.958983
15.448297 12.160314 16.510418 20.814286
21.420562 14.923014 4.868340 0.565435
-0.971793 -3.807781 13.510759 2.693409
8.124890 10.842921 6.080279 18.463223
