16.585574 16.052890 11.612529 11.677868
18.554978 18.272563 16.390386 17.757538
35.843316 19.090421 3.253604 7.848566
-1.762044 12.031092 20.417525 23.480834
2.508603 -6.077251 3.340963 2.817125
10.833501 17.802081 12.666484 12.995139
-9.615203 -1.665580 4.150005 13.344051
-4.012388 12.877229 4.452590 17.407098
-1.300316 -3.196997 18.379799 -0.426774
5.620242 3.954494 9.727536 18.807757
23.365985 -0.319592 -6.300963 4.196406
2.909264 0.335641 8.627319 6.376978
24.103730 1.265906 12.061435 22.211035
21.381859 25.919014 5.959224 27.139981
20.092754 20.816764 19.706658 7.773141
24.702018 14.667764 11.001902 11.125822
3.183613 7.785765 16.825424 6.384413
11.286630 7.116581 10.527876 8.036287
24.606756 10.675370 18.637557 21.091592
2.639129 4.921811 -5.334200 9.320611
15.229351 0.498702 2.913968 13.337261
3.200497 14.770865 8.686773 9.898507
10.582426 17.626903 1.476291 -2.340202
7.570231 15.223431 4.520249 7.635868
1.976526 4.200268 15.299650 17.608373
17.095168 16.836929 13.396279 13.199007
10.058942 12.877509 22.607770 15.498914
15.967591 17.296348 7.575757 9.135322
5.948772 2.528377 14.057680 -1.757244
11.475554 4.229606 8.349735 13.458860
