11.818988 15.093509 18.172453 8.854670
20.050789 25.508558 12.615727 17.422966
17.340216 16.608413 -0.575719 4.314350
-8.414106 11.014570 21.049610 23.179203
14.994978 1.787810 0.492930 0.678947
14.681603 20.639324 5.731033 8.810083
-7.131082 3.000478 -4.660966 21.130519
-2.677763 15.941884 8.070053 20.430762
3.774419 13.798764 13.138089 10.397066
12.309214 9.122049 13.007971 19.838214
21.514612 10.583217 2.201871 4.690108
-2.662191 -4.457975 2.957498 -2.013764
22.632188 4.184028 13.390597 24.310939
12.274970 17.632797 10.483609 16.555902
15.722278 20.527473 5.818456 4.106753
24.059714 13.788366 2.340867 2.053261
6.937611 5.565444 16.291932 8.705104
10.641099 14.804272 14.049601 -2.863943
25.813604 16.080786 8.943779 19.493243
10.290524 10.856932 2.676066 12.685123
6.815308 5.972842 4.994725 4.617358
-0.278799 10.078345 -4.343744 8.778776
12.267719 17.396140 17.790849 7.492479
15.217001 1.005357 1.758171 9.522750
8.364744 3.087826 11.973455 10.895114
12.222739 11.754715 14.142542 10.411643
17.070093 12.621970 15.071447 16.351048
22.348180 20.428356 3.982425 7.207815
10.094638 1.007253 12.272357 5.378553
16.694818 9.635063 12.648109 14.840977
