19.598998 16.705544 19.991921 9.995652
20.911992 18.145823 22.206342 20.523094
25.979271 20.447077 9.131611 4.600802
6.309323 15.297751 17.369208 15.287311
7.004158 2.339848 -5.507123 1.843233
11.122264 5.109665 18.428027 8.613707
7.168118 -1.033344 3.406960 9.235234
-2.382484 7.844474 -3.153335 24.020363
-2.262260 2.680888 13.949306 6.618892
14.319448 9.991422 14.010164 21.075853
17.311029 9.316701 -2.262526 3.860180
-4.431853 5.599172 -3.100489 8.399508
25.830824 8.046001 20.172685 28.624366
18.857830 20.644045 14.059792 19.373906
13.085087 20.982081 8.254081 11.250989
22.167138 24.592491 17.312907 15.261603
19.024140 8.624832 14.461876 9.504376
16.604315 14.219263 17.749756 -1.249988
24.816562 13.209845 -3.308390 17.978135
9.090550 7.565276 1.633546 1.909973
19.256333 6.445223 5.504938 13.461266
-2.274728 10.748664 -3.736108 3.740527
9.292128 25.494948 -0.052543 -2.917236
16.460547 14.731464 -1.813627 4.181739
4.901290 -4.787849 9.283322 15.228313
14.231782 23.472718 8.319540 14.532532
11.674401 20.977592 7.509560 17.656446
19.245081 13.709838 7.254936 8.726718
5.388158 -5.629459 10.555915 7.083905
10.716027 2.986166 9.489938 22.513417
