   1.0234736e+02   9.2794896e+01   2.6250468e+02   2.4784858e+02
   1.4251931e+02   8.8596461e+01   2.6862443e+02   2.1113121e+02
   1.1387429e+02   1.3206154e+02   2.9716079e+02   2.2879682e+02
   1.4461100e+02   1.1565176e+02   2.3826997e+02   3.0445406e+02
   1.1191434e+02   5.7870089e+01   2.1627353e+02   2.7568941e+02
   1.2974719e+02   5.0337695e+01   2.1332071e+02   3.0764680e+02
   1.4007720e+02   6.1742708e+01   2.7816010e+02   2.0430871e+02
   4.8137718e+01   9.1305525e+01   2.4742758e+02   2.7585792e+02
   1.1074169e+02   4.8499424e+01   2.9319623e+02   2.6453638e+02
   1.3296986e+02   1.0083997e+02   2.1845497e+02   2.8421298e+02
   1.6133499e+02   1.1414256e+02   3.0299655e+02   3.1213982e+02
   1.7597430e+02   1.0629282e+02   3.0721124e+02   3.0178057e+02
   1.9545823e+02   1.8683066e+02   2.5283481e+02   3.0110177e+02
   1.6329577e+02   1.3820208e+02   2.6585378e+02   2.9236868e+02
   1.0138852e+02   1.7134567e+02   2.9849342e+02   2.9606791e+02
   1.3679749e+02   1.5010920e+02   2.8755198e+02   2.5219270e+02
   1.3941513e+02   1.8034496e+02   3.4414549e+02   2.8895114e+02
   1.2168017e+02   1.7329865e+02   3.3196420e+02   2.7315861e+02
   1.8770057e+02   1.0468669e+02   3.1118212e+02   2.8375919e+02
   1.4177435e+02   1.5118368e+02   2.9980438e+02   2.9444140e+02
   6.6825304e+01   3.3321749e+01   2.0447533e+02   1.9811914e+02
   8.7040369e+01   8.5022441e+01   1.8404059e+02   1.8676696e+02
   8.0052273e+01   6.1174305e+01   2.4382566e+02   1.6467613e+02
   1.6454396e+01   9.5862793e+01   1.9926807e+02   1.5223832e+02
   5.1707777e+01   1.1219217e+01   1.7416423e+02   2.2206855e+02
   7.6802784e+01   9.2880088e+01   2.0265085e+02   1.6986891e+02
   8.0333484e+01   4.4541440e+01   1.6825002e+02   1.9691993e+02
   6.8185304e+01   8.4666133e+01   1.9890324e+02   1.7037497e+02
   7.7403805e+01   4.6595722e+01   2.3963720e+02   1.8936897e+02
   1.6990623e+01   9.4577082e+00   2.2322779e+02   2.0708766e+02
