   2.4119848e+01   1.8364381e+02   1.5564935e+02   2.9355674e+02
   5.5580296e+01   2.2227486e+02   1.3936932e+02   2.6696450e+02
   1.4463101e+01   1.7405371e+02   1.2336825e+02   3.0746587e+02
   2.9518508e+00   1.8542203e+02   1.1711463e+02   3.0032935e+02
   7.6861935e+01   2.3434530e+02   1.2164934e+02   2.7132214e+02
   6.8224739e+01   1.7859367e+02   1.2615189e+02   3.0405068e+02
   4.4100197e+01   2.2617043e+02   1.4996765e+02   2.9340284e+02
   5.6566625e+01   1.9389499e+02   9.9716166e+01   2.6506741e+02
   6.9007795e+01   2.0424882e+02   1.1854125e+02   2.9787960e+02
   5.9247042e+01   2.4129370e+02   1.2343637e+02   3.1133234e+02
   1.3555363e+02   2.5743893e+02   2.0378542e+02   3.9935485e+02
   9.9338037e+01   3.3211730e+02   2.4711572e+02   3.9947281e+02
   9.0633163e+01   2.7541382e+02   1.7666991e+02   3.1714689e+02
   7.7364356e+01   3.1649972e+02   2.1369327e+02   3.2317104e+02
   1.1875166e+02   2.4226777e+02   2.1676897e+02   4.1404668e+02
   9.0444424e+01   3.2111175e+02   1.6952186e+02   4.0736738e+02
   1.3973504e+02   2.5439543e+02   1.7039021e+02   4.1033702e+02
   1.6876724e+02   2.3519299e+02   1.6613103e+02   3.9409677e+02
   9.4676729e+01   2.7547375e+02   2.3764810e+02   3.4222032e+02
   1.6008898e+02   3.1757148e+02   2.0171140e+02   4.0259071e+02
   1.2440002e+02   2.4642423e+02   1.5756335e+02   3.2240162e+02
   1.2274200e+02   2.6893909e+02   1.9808316e+02   4.0640205e+02
   1.3202762e+02   3.0752732e+02   2.4318962e+02   3.5574345e+02
   8.5760942e+01   2.6885221e+02   1.6244229e+02   3.4769905e+02
   1.7221663e+02   2.4372569e+02   1.9767225e+02   3.8031216e+02
   1.6989758e+02   3.0015173e+02   1.7109293e+02   3.3863224e+02
   1.6247964e+02   2.7911150e+02   1.9459126e+02   3.5535002e+02
   1.1121963e+02   2.6923326e+02   1.8347949e+02   3.7311419e+02
   1.7285420e+02   3.2143871e+02   2.2240936e+02   3.7317733e+02
   7.8339474e+01   2.5115735e+02   1.6832084e+02   3.7176354e+02
